600489
600028
601857
601398
600036
601166
600016
600000
601668
601186
600030
600837
601288
601818
600519
601318
600048
601601
601628
601336
601099
603259
600276
600096
600309
002415
000858
000568
600900
601225
000538
601100
600585
601088
600406
600887
600019
601985
601006
601390
600085
002304
600745
600187
600737
601888
600956
600596
002371
600588
603236
300059
300750
600906
603816
603986
601899
600219
300274
002812
600111
600362
002460
002466
600905
601012
600438
002129
300124
601866
600893
600703
600803
601766
600845
600884
002384
600863
000100
300760
688036
002202
300035
002230
002236
600353
002475
300033
600256
300056
600763
002281
600259
600011
601222
002212
688012
300769
600176
300470
600316
600188
600196
600029
002602
300014
600216
300015
002007
002008
300273
000333
000725
002703
002311
000623
002600
000751
002340
000817
300587
002221
002045
002032
600998
002673
600559
000036
000825
603737
300142
600879
601111
600115
600852
600968
600292
600851
600862
601880
